"Title":"craft2", -> title
 "Posvec":[[1,1,1,1,1,1,1,1,1,1,7,7,7,7,7,7,7,7,7,7],
     [1,1,1,1,1,1,1,1,1,1,7,7,7,7,7,7,7,7,7,7],
     [1,1,1,1,1,1,1,1,1,1,7,7,7,7,7,7,7,7,7,7],
     [2,2,2,2,2,3,3,3,3,3,5,5,7,7,7,7,7,7,7,7],
     [2,2,2,2,2,3,3,3,3,3,5,5,5,5,5,5,5,5,5,5],
     [2,2,2,2,2,3,3,3,3,3,5,5,5,5,5,5,5,5,5,5],
     [2,2,2,2,2,4,4,4,4,6,6,6,6,6,6,6,6,6,5,5],
     [4,4,4,4,4,4,4,4,4,6,6,6,6,6,6,6,6,6,6,6],
     [4,4,4,4,4,4,4,4,4,6,6,6,6,6,6,6,6,6,6,6],
     [4,4,4,4,4,4,4,4,8,8,8,8,8,6,6,6,6,6,6,6]], -> input floor grid
 "Dx":20, -> grid cell width (x)
 "Dy":20, -> grid cell height (y)
 "Cmvec":[
     0, 1, 1, 1, 1, 1, 1, 1,
     1, 0, 1, 1, 1, 1, 1, 1,
     1, 1, 0, 1, 1, 1, 1, 1,
     1, 1, 1, 0, 1, 1, 1, 1,
     1, 1 ,1, 1, 0, 1, 1, 1,
     1, 1 ,1, 1, 1, 0, 1, 1,
     1, 1 ,1, 1, 1, 1, 0, 1,
     1, 1 ,1, 1, 1, 1, 1, 0], -> movement cost matrix
 "Fmvec":[
     0, 45, 15, 25, 10, 5, 0, 0,
     0, 0, 0, 30, 25, 15, 0, 0,
     0, 0, 0, 0, 5, 10, 0, 0,
     0, 20, 0, 0, 35, 0, 0, 0,
     0, 0 ,0, 0, 0, 65, 35, 0,
     0, 5 ,0, 0, 25, 0, 65, 0,
     0, 0, 0, 0, 0, 0, 0, 0,
     0, 0, 0, 0, 0, 0, 0, 0], -> flow data matrix
 "Nrooms":8 -> number of rooms/departments 
