Name,Shape,Depth,WidthTop,ThickTop,ThickWeb,WidthBot,ThickBot,Area,"Wt 
ton/m","Wt 
KN/m",Jt,Ixx,Iyy,ArShrXX,ArShrYY,SecModXX,SecModYY,PlasModXX,PlasModYY,rxx,ryy,"Section
Name",L
ISA100X100X10,Angle,100,100,10,10,0,0,1903,0.015,0.149,63333," 17,70,000 "," 17,70,000 ",1000,1000,24721,24721,24700,24700,30.5,30.5,ISA100X100X10,475.4456893
ISA100X100X12,Angle,100,100,12,12,0,0,2259,0.018,0.177," 1,08,288 "," 20,70,000 "," 20,70,000 ",1200,1200,29237,29237,29200,29200,30.27,30.27,ISA100X100X12,
ISA100X100X6,Angle,100,100,6,6,0,0,1167,0.009,0.092,13968," 11,13,000 "," 11,13,000 ",600,600,15184,15184,15200,15200,30.88,30.88,ISA100X100X6,
ISA100X100X8,Angle,100,100,8,8,0,0,1539,0.012,0.121,32768," 14,51,000 "," 14,51,000 ",800,800,20041,20041,20000,20000,30.71,30.71,ISA100X100X8,
ISA100X65X10,Angle,100,65,10,10,0,0,1551,0.012,0.122,51667," 15,32,000 "," 5,07,000 ",1000,650,18303,15045,23100,10400,31.43,18.08,ISA100X65X10,
ISA100X65X6,Angle,100,65,6,6,0,0,955,0.007,0.075,11448," 9,67,000 "," 3,24,000 ",600,390,11336,9789,14200,6400,31.82,18.42,ISA100X65X6,
ISA100X65X8,Angle,100,65,8,8,0,0,1257,0.01,0.099,26761," 12,59,000 "," 4,19,000 ",800,518.4,14899,12774,18700,8500,31.65,18.26,ISA100X65X8,
ISA100X75X10,Angle,100,75,10,10,0,0,1650,0.013,0.13,55000," 16,04,000 "," 7,69,000 ",1000,750,19925,17842,23600,13800,31.18,21.59,ISA100X75X10,
ISA100X75X12,Angle,100,75,12,12,0,0,1956,0.015,0.154,93888," 18,75,000 "," 8,95,000 ",1200,900,23526,21158,27900,16300,30.96,21.39,ISA100X75X12,
ISA100X75X6,Angle,100,75,6,6,0,0,1014,0.008,0.08,12168," 10,09,000 "," 4,87,000 ",600,450,12275,10846,14400,8500,31.54,21.92,ISA100X75X6,
ISA100X75X8,Angle,100,75,8,8,0,0,1336,0.01,0.105,28501," 13,16,000 "," 6,33,000 ",800,600,16187,14386,19100,11200,31.39,21.77,ISA100X75X8,
ISA110X110X10,Angle,110,110,10,10,0,0,2106,0.017,0.165,70000," 23,84,000 "," 23,84,000 ",1100,1100,30101,30101,30100,30100,33.65,33.65,ISA110X110X10,
ISA110X110X12,Angle,110,110,12,12,0,0,2502,0.02,0.196," 1,19,808 "," 27,96,000 "," 27,96,000 ",1320,1320,35663,35663,35700,35700,33.43,33.43,ISA110X110X12,
ISA110X110X15,Angle,110,110,15,15,0,0,3081,0.024,0.242," 2,30,625 "," 33,74,000 "," 33,74,000 ",1650,1650,43648,43648,43700,43700,33.09,33.09,ISA110X110X15,
ISA110X110X8,Angle,110,110,8,8,0,0,1702,0.013,0.134,36181," 19,50,000 "," 19,50,000 ",880,880,24375,24375,24400,24400,33.85,33.85,ISA110X110X8,
ISA125X75X10,Angle,125,75,10,10,0,0,1902,0.015,0.149,63333," 30,03,000 "," 8,16,000 ",1250,750,27961,19245,36300,14200,39.73,20.71,ISA125X75X10,
ISA125X75X6,Angle,125,75,6,6,0,0,1166,0.009,0.092,13968," 18,78,000 "," 5,16,000 ",750,450,17214,12741,22200,8700,40.13,21.04,ISA125X75X6,
ISA125X75X8,Angle,125,75,8,8,0,0,1538,0.012,0.121,32768," 24,55,000 "," 6,72,000 ",1000,600,22689,16193,29400,11500,39.95,20.9,ISA125X75X8,
ISA125X95X10,Angle,125,95,10,10,0,0,2102,0.017,0.165,70000," 32,58,000 "," 16,27,000 ",1250,950,32226,28950,37800,22900,39.37,27.82,ISA125X95X10,
ISA125X95X12,Angle,125,95,12,12,0,0,2498,0.02,0.196," 1,19,808 "," 38,26,000 "," 19,04,000 ",1500,1140,38146,34368,44800,27100,39.14,27.61,ISA125X95X12,
ISA125X95X6,Angle,125,95,6,6,0,0,1286,0.01,0.101,15408," 20,32,000 "," 10,21,000 ",750,570,19767,17603,23100,14000,39.75,28.18,ISA125X95X6,
ISA125X95X8,Angle,125,95,8,8,0,0,1698,0.013,0.133,36181," 26,60,000 "," 13,33,000 ",1000,760,26104,23386,30600,18500,39.58,28.02,ISA125X95X8,
ISA130X130X10,Angle,130,130,10,10,0,0,2506,0.02,0.197,83333," 40,27,000 "," 40,27,000 ",1300,1300,42749,42749,42700,42700,40.09,40.09,ISA130X130X10,
ISA130X130X12,Angle,130,130,12,12,0,0,2982,0.023,0.234," 1,42,848 "," 47,38,000 "," 47,38,000 ",1560,1560,50728,50728,50700,50700,39.86,39.86,ISA130X130X12,
ISA130X130X15,Angle,130,130,15,15,0,0,3681,0.029,0.289," 2,75,625 "," 57,46,000 "," 57,46,000 ",1950,1950,62321,62321,62300,62300,39.51,39.51,ISA130X130X15,
ISA130X130X8,Angle,130,130,8,8,0,0,2022,0.016,0.159,43008," 32,83,000 "," 32,83,000 ",1040,1040,34558,34558,34500,34500,40.29,40.29,ISA130X130X8,
ISA150X115X10,Angle,150,115,10,10,0,0,2552,0.02,0.2,85000," 57,33,000 "," 29,34,000 ",1500,1150,47069,42216,54900,33800,47.4,33.91,ISA150X115X10,
ISA150X115X12,Angle,150,115,12,12,0,0,3038,0.024,0.238," 1,45,728 "," 67,65,000 "," 34,53,000 ",1800,1380,55909,50335,65300,40200,47.19,33.71,ISA150X115X12,
ISA150X115X15,Angle,150,115,15,15,0,0,3752,0.029,0.295," 2,81,250 "," 82,35,000 "," 41,86,000 ",2250,1725,68740,62107,80400,49400,46.85,33.4,ISA150X115X15,
ISA150X115X8,Angle,150,115,8,8,0,0,2058,0.016,0.162,43861," 46,57,000 "," 23,89,000 ",1200,920,37954,33935,44200,27200,47.57,34.07,ISA150X115X8,
ISA150X150X10,Angle,150,150,10,10,0,0,2903,0.023,0.228,96667," 62,24,000 "," 62,24,000 ",1500,1500,56892,56892,56900,56900,46.3,46.3,ISA150X150X10,
ISA150X150X12,Angle,150,150,12,12,0,0,3459,0.027,0.272," 1,65,888 "," 73,54,000 "," 73,54,000 ",1800,1800,67716,67716,67700,67700,46.11,46.11,ISA150X150X12,
ISA150X150X15,Angle,150,150,15,15,0,0,4278,0.034,0.336," 3,20,625 "," 89,68,000 "," 89,68,000 ",2250,2250,83501,83501,83500,83500,45.79,45.79,ISA150X150X15,
ISA150X150X18,Angle,150,150,18,18,0,0,5079,0.04,0.399," 5,48,208 "," 1,04,89,000 "," 1,04,89,000 ",2700,2700,98766,98766,98700,98700,45.44,45.44,ISA150X150X18,
ISA150X75X10,Angle,150,75,10,10,0,0,2156,0.017,0.169,71667," 49,91,000 "," 8,53,000 ",1500,750,37274,16034,51600,14500,48.11,19.89,ISA150X75X10,
ISA150X75X12,Angle,150,75,12,12,0,0,2562,0.02,0.201," 1,22,688 "," 58,70,000 "," 9,95,000 ",1800,900,44102,18392,61200,17100,47.87,19.71,ISA150X75X12,
ISA150X75X8,Angle,150,75,8,8,0,0,1742,0.014,0.137,37035," 40,72,000 "," 7,02,000 ",1200,600,30230,13423,41700,11800,48.35,20.07,ISA150X75X8,
ISA200X100X10,Angle,200,100,10,10,0,0,2903,0.023,0.228,96667," 1,21,00,000 "," 26,92,000 ",2000,1000,67260,38678,92800,26200,64.56,30.45,ISA200X100X10,
ISA200X100X12,Angle,200,100,12,12,0,0,3459,0.027,0.272," 1,65,888 "," 1,43,17,000 "," 24,62,000 ",2400,1200,79983,34922," 1,10,600 ",31100,64.34,26.68,ISA200X100X12,
ISA200X100X15,Angle,200,100,15,15,0,0,4278,0.034,0.336," 3,20,625 "," 1,75,05,000 "," 29,81,000 ",3000,1500,98453,41518," 1,36,500 ",38300,63.97,26.4,ISA200X100X15,
ISA200X150X10,Angle,200,150,10,10,0,0,3400,0.027,0.267," 1,13,333 "," 1,37,79,000 "," 66,96,000 ",2000,1500,83560,74317,98300,58300,63.66,44.38,ISA200X150X10,
ISA200X150X12,Angle,200,150,12,12,0,0,4056,0.032,0.318," 1,94,688 "," 1,63,49,000 "," 79,32,000 ",2400,1800,99689,88924," 1,17,400 ",69600,63.49,44.22,ISA200X150X12,
ISA200X150X15,Angle,200,150,15,15,0,0,5025,0.039,0.394," 3,76,875 "," 2,00,56,000 "," 96,99,000 ",3000,2250," 1,23,194 "," 1,10,216 "," 1,45,400 ",86000,63.18,43.93,ISA200X150X15,
ISA200X150X18,Angle,200,150,18,18,0,0,5976,0.047,0.469," 6,45,408 "," 2,35,93,999 "," 1,13,69,000 ",3600,2700," 1,46,002 "," 1,31,130 "," 1,72,500 "," 1,01,900 ",62.83,43.62,ISA200X150X18,
ISA200X200X12,Angle,200,200,12,12,0,0,4661,0.037,0.366," 2,23,488 "," 1,78,89,000 "," 1,78,89,000 ",2400,2400," 1,22,193 "," 1,22,193 "," 1,22,200 "," 1,22,200 ",61.95,61.95,ISA200X200X12,
ISA200X200X15,Angle,200,200,15,15,0,0,5780,0.045,0.454," 4,33,125 "," 2,19,77,000 "," 2,19,77,000 ",3000,3000," 1,51,461 "," 1,51,461 "," 1,51,400 "," 1,51,400 ",61.66,61.66,ISA200X200X15,
ISA200X200X18,Angle,200,200,18,18,0,0,6881,0.054,0.54," 7,42,608 "," 2,58,87,000 "," 2,58,87,000 ",3600,3600," 1,79,896 "," 1,79,896 "," 1,79,900 "," 1,79,900 ",61.34,61.34,ISA200X200X18,
ISA200X200X25,Angle,200,200,25,25,0,0,9380,0.074,0.736," 19,53,125 "," 3,43,63,000 "," 3,43,63,000 ",5000,5000," 2,43,364 "," 2,43,364 "," 2,43,300 "," 2,43,300 ",60.53,60.53,ISA200X200X25,
ISA20X20X3,Angle,20,20,3,3,0,0,112,0.001,0.009,333,4000,4000,60,60,284,284,300,300,5.98,5.98,ISA20X20X3,
ISA20X20X4,Angle,20,20,4,4,0,0,145,0.001,0.011,768,5000,5000,80,80,365,365,400,400,5.87,5.87,ISA20X20X4,
ISA25X25X3,Angle,25,25,3,3,0,0,141,0.001,0.011,423,8000,8000,75,75,447,447,400,400,7.53,7.53,ISA25X25X3,
ISA25X25X4,Angle,25,25,4,4,0,0,184,0.001,0.014,981,10000,10000,100,100,571,571,600,600,7.37,7.37,ISA25X25X4,
ISA25X25X5,Angle,25,25,5,5,0,0,225,0.002,0.018,1875,12000,12000,125,125,702,702,700,700,7.3,7.3,ISA25X25X5,
ISA30X20X3,Angle,30,20,3,3,0,0,141,0.001,0.011,423,12000,4000,90,60,478,392,600,300,9.23,5.33,ISA30X20X3,
ISA30X20X4,Angle,30,20,4,4,0,0,184,0.001,0.014,981,15000,5000,120,80,607,490,800,400,9.03,5.21,ISA30X20X4,
ISA30X20X5,Angle,30,20,5,5,0,0,225,0.002,0.018,1875,19000,6000,150,100,782,566,1000,400,9.19,5.16,ISA30X20X5,
ISA30X30X3,Angle,30,30,3,3,0,0,173,0.001,0.014,513,14000,14000,90,90,645,645,600,600,9,9,ISA30X30X3,
ISA30X30X4,Angle,30,30,4,4,0,0,226,0.002,0.018,1195,18000,18000,120,120,845,845,800,800,8.92,8.92,ISA30X30X4,
ISA30X30X5,Angle,30,30,5,5,0,0,277,0.002,0.022,2292,21000,21000,150,150,1010,1010,1000,1000,8.71,8.71,ISA30X30X5,
ISA35X35X3,Angle,35,35,3,3,0,0,203,0.002,0.016,603,23000,23000,105,105,902,902,900,900,10.64,10.64,ISA35X35X3,
ISA35X35X4,Angle,35,35,4,4,0,0,266,0.002,0.021,1408,29000,29000,140,140,1160,1160,1200,1200,10.44,10.44,ISA35X35X4,
ISA35X35X5,Angle,35,35,5,5,0,0,327,0.003,0.026,2708,35000,35000,175,175,1423,1423,1400,1400,10.35,10.35,ISA35X35X5,
ISA35X35X6,Angle,35,35,6,6,0,0,386,0.003,0.03,4608,41000,41000,210,210,1694,1694,1700,1700,10.31,10.31,ISA35X35X6,
ISA40X25X3,Angle,40,25,3,3,0,0,188,0.001,0.015,558,30000,9000,120,75,875,692,1100,500,12.63,6.92,ISA40X25X3,
ISA40X25X4,Angle,40,25,4,4,0,0,246,0.002,0.019,1301,38000,11000,160,100,1124,815,1400,600,12.43,6.69,ISA40X25X4,
ISA40X25X5,Angle,40,25,5,5,0,0,302,0.002,0.024,2500,46000,14000,200,125,1377,1007,1800,700,12.34,6.81,ISA40X25X5,
ISA40X25X6,Angle,40,25,6,6,0,0,356,0.003,0.028,4248,54000,16000,240,150,1631,1119,2100,900,12.32,6.7,ISA40X25X6,
ISA40X40X3,Angle,40,40,3,3,0,0,234,0.002,0.018,693,34000,34000,120,120,1164,1164,1200,1200,12.05,12.05,ISA40X40X3,
ISA40X40X4,Angle,40,40,4,4,0,0,307,0.002,0.024,1621,45000,45000,160,160,1563,1563,1600,1600,12.11,12.11,ISA40X40X4,
ISA40X40X5,Angle,40,40,5,5,0,0,378,0.003,0.03,3125,54000,54000,200,200,1901,1901,1900,1900,11.95,11.95,ISA40X40X5,
ISA40X40X6,Angle,40,40,6,6,0,0,447,0.004,0.035,5328,63000,63000,240,240,2250,2250,2300,2300,11.87,11.87,ISA40X40X6,
ISA45X30X3,Angle,45,30,3,3,0,0,218,0.002,0.017,648,44000,15000,135,90,1155,949,1400,700,14.21,8.3,ISA45X30X3,
ISA45X30X4,Angle,45,30,4,4,0,0,286,0.002,0.022,1515,57000,20000,180,120,1512,1307,1900,900,14.12,8.36,ISA45X30X4,
ISA45X30X5,Angle,45,30,5,5,0,0,352,0.003,0.028,2917,69000,24000,225,150,1850,1589,2300,1100,14,8.26,ISA45X30X5,
ISA45X30X6,Angle,45,30,6,6,0,0,416,0.003,0.033,4968,80000,28000,270,180,2168,1806,2700,1300,13.87,8.2,ISA45X30X6,
ISA45X45X3,Angle,45,45,3,3,0,0,264,0.002,0.021,783,50000,50000,135,135,1515,1515,1500,1500,13.76,13.76,ISA45X45X3,
ISA45X45X4,Angle,45,45,4,4,0,0,347,0.003,0.027,1835,65000,65000,180,180,2000,2000,2000,2000,13.69,13.69,ISA45X45X4,
ISA45X45X5,Angle,45,45,5,5,0,0,428,0.003,0.034,3542,79000,79000,225,225,2461,2461,2500,2500,13.59,13.59,ISA45X45X5,
ISA45X45X6,Angle,45,45,6,6,0,0,507,0.004,0.04,6048,92000,92000,270,270,2902,2902,2900,2900,13.47,13.47,ISA45X45X6,
ISA50X30X3,Angle,50,30,3,3,0,0,234,0.002,0.018,693,59000,16000,150,90,1356,982,1700,700,15.88,8.27,ISA50X30X3,
ISA50X30X4,Angle,50,30,4,4,0,0,307,0.002,0.024,1623,77000,21000,200.4,120,1787,1250,2300,900,15.84,8.27,ISA50X30X4,
ISA50X30X5,Angle,50,30,5,5,0,0,378,0.003,0.03,3125,93000,25000,250,150,2183,1453,2800,1100,15.69,8.13,ISA50X30X5,
ISA50X30X6,Angle,50,30,6,6,0,0,447,0.004,0.035,5328," 1,09,000 ",29000,300,180,2583,1648,3400,1300,15.62,8.05,ISA50X30X6,
ISA50X50X3,Angle,50,50,3,3,0,0,295,0.002,0.023,873,69000,69000,150,150,1875,1875,1900,1900,15.29,15.29,ISA50X50X3,
ISA50X50X4,Angle,50,50,4,4,0,0,388,0.003,0.03,2048,91000,91000,200,200,2507,2507,2500,2500,15.31,15.31,ISA50X50X4,
ISA50X50X5,Angle,50,50,5,5,0,0,479,0.004,0.038,3958," 1,10,000 "," 1,10,000 ",250,250,3064,3064,3100,3100,15.15,15.15,ISA50X50X5,
ISA50X50X6,Angle,50,50,6,6,0,0,568,0.004,0.045,6768," 1,29,000 "," 1,29,000 ",300,300,3634,3634,3600,3600,15.07,15.07,ISA50X50X6,
ISA55X55X10,Angle,55,55,10,10,0,0,1002,0.008,0.079,33333," 2,63,000 "," 2,63,000 ",550,550,6958,6958,7000,7000,16.2,16.2,ISA55X55X10,
ISA55X55X5,Angle,55,55,5,5,0,0,527,0.004,0.041,4375," 1,47,000 "," 1,47,000 ",275,275,3703,3703,3700,3700,16.7,16.7,ISA55X55X5,
ISA55X55X6,Angle,55,55,6,6,0,0,626,0.005,0.049,7488," 1,73,000 "," 1,73,000 ",330,330,4402,4402,4400,4400,16.62,16.62,ISA55X55X6,
ISA55X55X8,Angle,55,55,8,8,0,0,818,0.006,0.064,17408," 2,20,000 "," 2,20,000 ",440,440,5714,5714,5700,5700,16.4,16.4,ISA55X55X8,
ISA60X40X5,Angle,60,40,5,5,0,0,476,0.004,0.037,3958," 1,69,000 ",60000,300,200,3353,2927,4200,2000,18.84,11.23,ISA60X40X5,
ISA60X40X6,Angle,60,40,6,6,0,0,565,0.004,0.044,6768," 1,99,000 ",70000,360,240,3980,3483,5000,2300,18.77,11.13,ISA60X40X6,
ISA60X40X8,Angle,60,40,8,8,0,0,737,0.006,0.058,15701," 2,54,000 ",80000,480,320,5163,3865,6500,3000,18.56,10.42,ISA60X40X8,
ISA60X60X10,Angle,60,60,10,10,0,0,1100,0.009,0.086,36667," 3,48,000 "," 3,48,000 ",600,600,8386,8386,8400,8400,17.79,17.79,ISA60X60X10,
ISA60X60X5,Angle,60,60,5,5,0,0,575,0.005,0.045,4792," 1,92,000 "," 1,92,000 ",300,300,4414,4414,4400,4400,18.27,18.27,ISA60X60X5,
ISA60X60X6,Angle,60,60,6,6,0,0,684,0.005,0.054,8208," 2,26,000 "," 2,26,000 ",360,360,5244,5244,5200,5200,18.18,18.18,ISA60X60X6,
ISA60X60X8,Angle,60,60,8,8,0,0,896,0.007,0.07,19115," 2,90,000 "," 2,90,000 ",480,480,6856,6856,6800,6800,17.99,17.99,ISA60X60X8,
ISA65X45X5,Angle,65,45,5,5,0,0,526,0.004,0.041,4375," 2,21,000 ",86000,325,225,4077,3539,5000,2500,20.5,12.79,ISA65X45X5,
ISA65X45X6,Angle,65,45,6,6,0,0,625,0.005,0.049,7488," 2,60,000 "," 1,01,000 ",390,270,4833,4226,5900,3000,20.4,12.71,ISA65X45X6,
ISA65X45X8,Angle,65,45,8,8,0,0,817,0.006,0.064,17408," 3,32,000 "," 1,28,000 ",520,360,6264,5541,7700,3900,20.16,12.52,ISA65X45X8,
ISA65X65X10,Angle,65,65,10,10,0,0,1200,0.009,0.094,40000," 4,50,000 "," 4,50,000 ",650,650,9934,9934,9900,9900,19.36,19.36,ISA65X65X10,
ISA65X65X5,Angle,35,35,5,5,0,0,625,0.005,0.049,2708," 2,47,000 "," 2,47,000 ",175,175,13955,13955,5200,5200,19.88,19.88,ISA65X65X5,
ISA65X65X6,Angle,65,65,6,6,0,0,744,0.006,0.058,8928," 2,91,000 "," 2,91,000 ",390,390,6205,6205,6200,6200,19.78,19.78,ISA65X65X6,
ISA65X65X8,Angle,65,65,8,8,0,0,976,0.008,0.077,20821," 3,74,000 "," 3,74,000 ",520,520,8113,8113,8100,8100,19.58,19.58,ISA65X65X8,
ISA70X45X10,Angle,70,45,10,10,0,0,1052,0.008,0.083,35000," 4,93,000 "," 1,56,000 ",700,450,8559,6290,10900,4800,21.65,12.18,ISA70X45X10,
ISA70X45X5,Angle,70,45,5,5,0,0,552,0.004,0.043,4583," 2,72,000 ",88000,350,225,4564,3877,5700,2500,22.2,12.63,ISA70X45X5,
ISA70X45X6,Angle,70,45,6,6,0,0,656,0.005,0.051,7848," 3,20,000 "," 1,03,000 ",420,270,5415,4440,6800,3000,22.09,12.53,ISA70X45X6,
ISA70X45X8,Angle,70,45,8,8,0,0,858,0.007,0.067,18261," 4,10,000 "," 1,31,000 ",560,360,7021,5458,8900,3900,21.86,12.36,ISA70X45X8,
ISA70X70X10,Angle,70,70,10,10,0,0,1302,0.01,0.102,43333," 5,72,000 "," 5,72,000 ",700,700,11673,11673,11700,11700,20.96,20.96,ISA70X70X10,
ISA70X70X5,Angle,70,70,5,5,0,0,677,0.005,0.053,5625," 3,11,000 "," 3,11,000 ",350,350,6086,6086,6100,6100,21.43,21.43,ISA70X70X5,
ISA70X70X6,Angle,70,70,6,6,0,0,806,0.006,0.063,9648," 3,68,000 "," 3,68,000 ",420,420,7273,7273,7300,7300,21.37,21.37,ISA70X70X6,
ISA70X70X8,Angle,70,70,8,8,0,0,1058,0.008,0.083,22528," 4,74,000 "," 4,74,000 ",560,560,9518,9518,9500,9500,21.17,21.17,ISA70X70X8,
ISA75X50X10,Angle,75,50,10,10,0,0,1152,0.009,0.09,38333," 6,23,000 "," 2,18,000 ",750,500,10147,8385,12700,6000,23.26,13.76,ISA75X50X10,
ISA75X50X5,Angle,75,50,5,5,0,0,602,0.005,0.047,5000," 3,41,000 "," 1,22,000 ",375,250,5379,4674,6700,3200,23.8,14.24,ISA75X50X5,
ISA75X50X6,Angle,75,50,6,6,0,0,716,0.006,0.056,8568," 4,03,000 "," 1,43,000 ",450,300,6397,5586,8000,3800,23.72,14.13,ISA75X50X6,
ISA75X50X8,Angle,75,50,8,8,0,0,938,0.007,0.074,19968," 5,18,000 "," 1,83,000 ",600,400,8328,7262,10400,4900,23.5,13.97,ISA75X50X8,
ISA75X75X10,Angle,75,75,10,10,0,0,1402,0.011,0.11,46667," 7,14,000 "," 7,14,000 ",750,750,13523,13523,13500,13500,22.57,22.57,ISA75X75X10,
ISA75X75X5,Angle,75,75,5,5,0,0,727,0.006,0.057,6042," 3,87,000 "," 3,87,000 ",375,375,7062,7062,7100,7100,23.07,23.07,ISA75X75X5,
ISA75X75X6,Angle,75,75,6,6,0,0,866,0.007,0.068,10368," 4,57,000 "," 4,57,000 ",450,450,8401,8401,8400,8400,22.97,22.97,ISA75X75X6,
ISA75X75X8,Angle,75,75,8,8,0,0,1138,0.009,0.089,24235," 5,90,000 "," 5,90,000 ",600,600,11007,11007,11000,11000,22.77,22.77,ISA75X75X8,
ISA80X50X10,Angle,80,50,10,10,0,0,1202,0.009,0.094,40000," 7,47,000 "," 2,21,000 ",800,500,11183,7865,14400,6000,24.93,13.56,ISA80X50X10,
ISA80X50X5,Angle,80,50,5,5,0,0,627,0.005,0.049,5208," 4,06,000 "," 1,23,000 ",400,250,5901,4731,7500,3200,25.45,14.01,ISA80X50X5,
ISA80X50X6,Angle,80,50,6,6,0,0,746,0.006,0.059,8928," 4,80,000 "," 1,44,000 ",480,300,7018,5455,9000,3800,25.37,13.89,ISA80X50X6,
ISA80X50X8,Angle,80,50,8,8,0,0,978,0.008,0.077,20821," 6,19,000 "," 1,85,000 ",640,400,9157,6777,11700,4900,25.16,13.75,ISA80X50X8,
ISA80X80X10,Angle,80,80,10,10,0,0,1505,0.012,0.118,50000," 8,77,000 "," 8,77,000 ",800,800,15495,15495,15500,15500,24.14,24.14,ISA80X80X10,
ISA80X80X12,Angle,80,80,12,12,0,0,1781,0.014,0.14,85248," 10,19,000 "," 10,19,000 ",960,960,18262,18262,18300,18300,23.92,23.92,ISA80X80X12,
ISA80X80X6,Angle,80,80,6,6,0,0,929,0.007,0.073,11088," 5,60,000 "," 5,60,000 ",480,480,9622,9622,9600,9600,24.55,24.55,ISA80X80X6,
ISA80X80X8,Angle,80,80,8,8,0,0,1221,0.01,0.096,25941," 7,25,000 "," 7,25,000 ",640,640,12653,12653,12600,12600,24.37,24.37,ISA80X80X8,
ISA90X60X10,Angle,90,60,10,10,0,0,1401,0.011,0.11,46667," 11,09,000 "," 3,91,000 ",900,600,14886,12862,18600,8800,28.14,16.71,ISA90X60X10,
ISA90X60X12,Angle,90,60,12,12,0,0,1657,0.013,0.13,79488," 12,91,000 "," 4,52,000 ",1080,720,17517,14487,22000,10300,27.91,16.52,ISA90X60X12,
ISA90X60X6,Angle,90,60,6,6,0,0,865,0.007,0.068,10368," 7,06,000 "," 2,52,000 ",540,360,9277,8051,11500,5500,28.57,17.07,ISA90X60X6,
ISA90X60X8,Angle,90,60,8,8,0,0,1137,0.009,0.089,24235," 9,15,000 "," 3,24,000 ",720,480,12168,10658,15100,7200,28.37,16.88,ISA90X60X8,
ISA90X90X10,Angle,90,90,10,10,0,0,1703,0.013,0.134,56667," 12,67,000 "," 12,67,000 ",900,900,19766,19766,19800,19800,27.28,27.28,ISA90X90X10,
ISA90X90X12,Angle,90,90,12,12,0,0,2019,0.016,0.158,96768," 14,79,000 "," 14,79,000 ",1080,1080,23328,23328,23300,23300,27.07,27.07,ISA90X90X12,
ISA90X90X6,Angle,90,90,6,6,0,0,1047,0.008,0.082,12528," 8,01,000 "," 8,01,000 ",540,540,12173,12173,12200,12200,27.66,27.66,ISA90X90X6,
ISA90X90X8,Angle,90,90,8,8,0,0,1379,0.011,0.108,29355," 10,42,000 "," 10,42,000 ",720,720,16055,16055,16000,16000,27.49,27.49,ISA90X90X8,
ISB113.5X113.5X4.8,Box,114,114,5,5,0,0,2028,0.016,0.159," 63,11,400 "," 39,33,000 "," 39,33,000 ",1089.6,1089.6,69304,69304,69300,69300,44.04,44.04,ISB113.5X113.5X4.8,
ISB113.5X113.5X5.4,Box,114,114,5,5,0,0,2260,0.018,0.177," 70,04,900 "," 43,25,800 "," 43,25,800 ",1225.8,1225.8,76226,76226,76230,76230,43.75,43.75,ISB113.5X113.5X5.4,
ISB122X61X3.6,Box,122,61,4,4,0,0,1232,0.01,0.097," 19,31,200 "," 23,26,100 "," 7,88,300 ",878.4,439.2,38133,25846,38130,25840,43.45,25.3,ISB122X61X3.6,
ISB122X61X4.5,Box,122,61,5,5,0,0,1514,0.012,0.119," 23,39,800 "," 27,89,400 "," 9,37,800 ",1098,549,45728,30748,45730,30750,42.92,24.89,ISB122X61X4.5,
ISB122X61X5.4,Box,122,61,5,5,0,0,1785,0.014,0.14," 27,20,300 "," 32,08,300 "," 10,70,300 ",1317.6,658.8,52595,35092,52600,35090,42.4,24.49,ISB122X61X5.4,
ISB132X132X4.8,Box,132,132,5,5,0,0,2383,0.019,0.187," 1,00,85,400 "," 63,43,900 "," 63,43,900 ",1267.2,1267.2,96120,96120,96120,96120,51.6,51.6,ISB132X132X4.8,
ISB132X132X5.4,Box,132,132,5,5,0,0,2659,0.021,0.209," 1,12,16,500 "," 70,01,100 "," 70,01,100 ",1425.6,1425.6," 1,06,077 "," 1,06,077 "," 1,06,080 "," 1,06,080 ",51.31,51.31,ISB132X132X5.4,
ISB145X82X4.8,Box,145,82,5,5,0,0,2028,0.016,0.159," 52,96,000 "," 55,51,600 "," 22,85,000 ",1392,787.2,76574,55732,76570,55730,52.32,33.57,ISB145X82X4.8,
ISB145X82X5.4,Box,145,82,5,5,0,0,2260,0.018,0.177," 58,65,900 "," 61,08,500 "," 25,05,900 ",1566,885.6,84255,61120,84260,61120,51.99,33.3,ISB145X82X5.4,
ISB172X92X4.8,Box,172,92,5,5,0,0,2383,0.019,0.187," 81,89,700 "," 91,71,300 "," 34,69,100 ",1651.2,883.2," 1,06,643 ",75415," 1,06,640 ",75410,62.04,38.15,ISB172X92X4.8,
ISB172X92X5.4,Box,172,92,5,5,0,0,2659,0.021,0.209," 90,89,200 "," 1,01,24,700 "," 38,17,400 ",1857.6,993.6," 1,17,729 ",82987," 1,17,730 ",82990,61.71,37.89,ISB172X92X5.4,
ISB25X25X2.6,Box,25,25,3,3,0,0,216,0.002,0.017,27400,17200,17200,130,130,1376,1376,1380,1380,8.92,8.92,ISB25X25X2.6,
ISB25X25X3.2,Box,25,25,3,3,0,0,253,0.002,0.02,31400,18900,18900,160,160,1512,1512,1510,1510,8.64,8.64,ISB25X25X3.2,
ISB38X38X2.6,Box,38,38,3,3,0,0,349,0.003,0.027," 1,16,400 ",71400,71400,197.6,197.6,3758,3758,3760,3760,14.3,14.3,ISB38X38X2.6,
ISB38X38X3.2,Box,38,38,3,3,0,0,416,0.003,0.033," 1,38,200 ",81800,81800,243.2,243.2,4305,4305,4300,4300,14.02,14.02,ISB38X38X3.2,
ISB38X38X4.0,Box,38,38,4,4,0,0,503,0.004,0.039," 1,62,000 ",92600,92600,304,304,4874,4874,4870,4870,13.57,13.57,ISB38X38X4.0,
ISB49.5X49.5X2.6,Box,50,50,3,3,0,0,470,0.004,0.037," 2,72,700 "," 1,69,100 "," 1,69,100 ",257.4,257.4,6832,6832,6830,6830,18.97,18.97,ISB49.5X49.5X2.6,
ISB49.5X49.5X2.9,Box,50,50,3,3,0,0,519,0.004,0.041," 3,00,300 "," 1,83,700 "," 1,83,700 ",287.1,287.1,7422,7422,7420,7420,18.81,18.81,ISB49.5X49.5X2.9,
ISB49.5X49.5X3.6,Box,50,50,4,4,0,0,628,0.005,0.049," 3,58,200 "," 2,14,200 "," 2,14,200 ",356.4,356.4,8655,8655,8650,8650,18.47,18.47,ISB49.5X49.5X3.6,
ISB49.5X49.5X4.5,Box,50,50,5,5,0,0,758,0.006,0.06," 4,24,900 "," 2,46,400 "," 2,46,400 ",445.5,445.5,9956,9956,9960,9960,18.03,18.03,ISB49.5X49.5X4.5,
ISB50X25X2.6,Box,50,25,3,3,0,0,349,0.003,0.027,84900," 1,01,600 ",33600,260,130,4064,2688,4060,2690,17.06,9.81,ISB50X25X2.6,
ISB50X25X3.2,Box,50,25,3,3,0,0,416,0.003,0.033,99500," 1,16,300 ",38000,320,160,4652,3040,4650,3040,16.72,9.56,ISB50X25X3.2,
ISB66X33X2.6,Box,66,33,3,3,0,0,470,0.004,0.037," 2,09,500 "," 2,51,500 ",84300,343.2,171.6,7621,5109,7620,5110,23.13,13.39,ISB66X33X2.6,
ISB66X33X2.9,Box,66,33,3,3,0,0,519,0.004,0.041," 2,29,800 "," 2,73,300 ",91200,382.8,191.4,8282,5527,8280,5530,22.95,13.26,ISB66X33X2.9,
ISB66X33X3.6,Box,66,33,4,4,0,0,628,0.005,0.049," 2,71,700 "," 3,18,700 "," 1,05,200 ",475.2,237.6,9658,6376,9660,6370,22.53,12.94,ISB66X33X3.6,
ISB66X33X4.5,Box,66,33,5,5,0,0,758,0.006,0.06," 3,18,400 "," 3,66,400 "," 1,19,300 ",594,297,11103,7230,11100,7230,21.99,12.55,ISB66X33X4.5,
ISB72X72X3.2,Box,72,72,3,3,0,0,834,0.007,0.065," 10,64,800 "," 6,63,200 "," 6,63,200 ",460.8,460.8,18422,18422,18420,18420,28.2,28.2,ISB72X72X3.2,
ISB72X72X4.0,Box,72,72,4,4,0,0,1047,0.008,0.082," 12,92,200 "," 7,90,300 "," 7,90,300 ",576,576,21953,21953,21950,21950,27.47,27.47,ISB72X72X4.0,
ISB72X72X4.8,Box,72,72,5,5,0,0,1231,0.01,0.097," 15,00,000 "," 9,03,100 "," 9,03,100 ",691.2,691.2,25086,25086,25090,25090,27.09,27.09,ISB72X72X4.8,
ISB91.5X91.5X3.6,Box,92,92,4,4,0,0,1232,0.01,0.097," 24,95,900 "," 15,64,900 "," 15,64,900 ",658.8,658.8,34205,34205,34210,34210,35.64,35.64,ISB91.5X91.5X3.6,
ISB91.5X91.5X4.5,Box,92,92,5,5,0,0,1514,0.012,0.119," 30,41,200 "," 18,75,700 "," 18,75,700 ",823.5,823.5,40999,40999,41000,41000,35.2,35.2,ISB91.5X91.5X4.5,
ISB91.5X91.5X5.4,Box,92,92,5,5,0,0,1785,0.014,0.14," 35,56,700 "," 21,56,800 "," 21,56,800 ",988.2,988.2,47143,47143,47140,47140,34.76,34.76,ISB91.5X91.5X5.4,
ISB96X48X3.2,Box,96,48,3,3,0,0,854,0.007,0.067," 8,21,500 "," 9,86,100 "," 3,32,800 ",614.4,307.2,20544,13867,20540,13870,33.98,19.74,ISB96X48X3.2,
ISB96X48X4.0,Box,96,48,4,4,0,0,1047,0.008,0.082," 9,90,400 "," 11,75,500 "," 3,93,200 ",768,384,24490,16383,24490,16380,33.51,19.38,ISB96X48X4.0,
ISB96X48X4.8,Box,96,48,5,5,0,0,1231,0.01,0.097," 11,45,700 "," 13,43,500 "," 4,45,500 ",921.6,460.8,27990,18562,27990,18560,33.04,19.02,ISB96X48X4.8,
ISJC100,Channel,100,45,5,3,0,0,741,0.006,0.058,4788," 12,38,000 "," 1,49,000 ",300,459,24760,4806,24800,4800,40.87,14.18,ISJC100,
ISJC125,Channel,125,50,7,3,0,0,1007,0.008,0.079,10589," 27,00,000 "," 2,57,000 ",375,660,43200,7649,43200,7600,51.78,15.98,ISJC125,
ISJC150,Channel,150,55,7,4,0,0,1265,0.01,0.099,14164," 47,11,000 "," 3,79,000 ",540,759,62813,9870,62800,9900,61.03,17.31,ISJC150,
ISJC175,Channel,175,60,7,4,0,0,1424,0.011,0.112,15647," 71,99,000 "," 5,05,000 ",630,828,82274,11882,82300,11900,71.1,18.83,ISJC175,
ISJC200,Channel,200,70,7,4,0,0,1777,0.014,0.139,20971," 1,16,12,000 "," 8,42,000 ",820,994," 1,16,120 ",16740," 1,16,100 ",16700,80.84,21.77,ISJC200,
ISLC100,Channel,100,50,6,4,0,0,1002,0.008,0.079,10598," 16,47,000 "," 2,48,000 ",400,640,32940,7337,32900,7300,40.54,15.73,ISLC100,
ISLC125,Channel,125,65,7,4,0,0,1367,0.011,0.107,15633," 35,68,000 "," 5,72,000 ",550,858,57088,12825,57100,12800,51.09,20.46,ISLC125,
ISLC150,Channel,150,75,8,5,0,0,1836,0.014,0.144,28682," 69,72,000 "," 10,32,000 ",720,1170,92960,20156,93000,20200,61.62,23.71,ISLC150,
ISLC175,Channel,175,75,10,5,0,0,2240,0.018,0.176,49767," 1,14,84,000 "," 12,65,000 ",892.5,1425," 1,31,246 ",24804," 1,31,300 ",24800,71.6,23.76,ISLC175,
ISLC200,Channel,200,75,11,6,0,0,2622,0.021,0.206,72879," 1,72,55,000 "," 14,69,000 ",1100,1620," 1,72,550 ",28524," 1,72,600 ",28500,81.12,23.67,ISLC200,
ISLC225,Channel,225,90,10,6,0,0,3053,0.024,0.24,76979," 2,54,78,999 "," 20,95,000 ",1305,1836," 2,26,480 ",32034," 2,26,500 ",32000,91.35,26.2,ISLC225,
ISLC250,Channel,250,100,11,6,0,0,3565,0.028,0.28,98965," 3,68,78,999 "," 29,84,000 ",1525,2140," 2,95,032 ",40877," 2,95,000 ",40900,101.71,28.93,ISLC250,
ISLC300,Channel,300,100,12,7,0,0,4211,0.033,0.331," 1,31,810 "," 6,04,78,999 "," 34,60,000 ",2010,2320," 4,03,193 ",46443," 4,03,200 ",46400,119.84,28.66,ISLC300,
ISLC350,Channel,350,100,13,7,0,0,4947,0.039,0.388," 1,74,108 "," 9,31,25,996 "," 39,46,000 ",2590,2500," 5,32,149 ",51989," 5,32,100 ",52000,137.2,28.24,ISLC350,
ISLC400,Channel,400,100,14,8,0,0,5825,0.046,0.457," 2,46,421 "," 13,98,95,000 "," 46,04,000 ",3200,2800," 6,99,475 ",60262," 6,99,500 ",60200,154.97,28.11,ISLC400,
ISLC75,Channel,75,40,6,4,0,0,726,0.006,0.057,6824," 6,61,000 "," 1,15,000 ",277.5,480,17627,4340,17600,4300,30.17,12.59,ISLC75,
ISMC100,Channel,100,50,8,5,0,0,1170,0.009,0.092,17004," 18,67,000 "," 2,59,000 ",470,750,37340,7464,37300,7500,39.95,14.88,ISMC100,
ISMC125,Channel,125,65,8,5,0,0,1619,0.013,0.127,27562," 41,64,000 "," 5,99,000 ",625,1053,66624,13136,66600,13100,50.71,19.23,ISMC125,
ISMC150,Channel,150,75,9,5,0,0,2068,0.016,0.162,43378," 77,94,000 "," 10,23,000 ",810,1350," 1,03,920 ",19375," 1,03,900 ",19400,61.39,22.24,ISMC150,
ISMC175,Channel,175,75,10,6,0,0,2438,0.019,0.191,62604," 1,22,33,000 "," 12,10,000 ",997.5,1530," 1,39,806 ",22830," 1,39,800 ",22800,70.84,22.28,ISMC175,
ISMC200,Channel,200,75,11,6,0,0,2821,0.022,0.221,87484," 1,81,93,000 "," 14,04,000 ",1220,1710," 1,81,930 ",26341," 1,81,900 ",26300,80.31,22.31,ISMC200,
ISMC225,Channel,225,80,12,6,0,0,3301,0.026,0.259," 1,19,180 "," 2,69,46,001 "," 18,72,000 ",1440,1984," 2,39,520 ",32842," 2,39,500 ",32800,90.35,23.81,ISMC225,
ISMC250,Channel,350,80,14,7,0,0,3867,0.03,0.304," 1,87,897 "," 3,81,68,000 "," 21,91,000 ",2485,2256," 2,18,103 ",38439," 3,05,300 ",38400,99.35,23.8,ISMC250,
ISMC300,Channel,300,90,14,8,0,0,4564,0.036,0.358," 1,90,845 "," 6,36,26,001 "," 31,08,000 ",2280,2448," 4,24,173 ",46807," 4,24,200 ",46800,118.07,26.1,ISMC300,
ISMC350,Channel,350,100,14,8,0,0,5366,0.042,0.421," 2,21,243 "," 10,00,80,000 "," 43,06,000 ",2835,2700," 5,71,886 ",56958," 5,71,900 ",57000,136.57,28.33,ISMC350,
ISMC400,Channel,400,100,15,9,0,0,6293,0.049,0.494," 3,17,092 "," 15,08,27,998 "," 50,48,000 ",3440,3060," 7,54,140 ",66596," 7,54,100 ",66600,154.81,28.32,ISMC400,
ISMC75,Channel,75,40,7,4,0,0,867,0.007,0.068,12089," 7,60,000 "," 1,26,000 ",330,584,20267,4684,20300,4700,29.61,12.06,ISMC75,
ISHB150-1,I,150,150,9,5,150,9,3448,0.027,0.271,79828," 1,45,56,000 "," 43,17,000 ",810,2250," 1,94,080 ",57560," 1,94,100 ",57600,64.97,35.38,ISHB150-1,
ISHB150-2,I,150,150,9,8,150,9,3898,0.031,0.306,98979," 1,54,00,000 "," 48,03,000 ",1260,2250," 2,05,333 ",64040," 2,05,300 ",60200,62.85,35.1,ISHB150-2,
ISHB150-3,I,150,150,9,12,150,9,4408,0.035,0.346," 1,45,193 "," 1,63,56,000 "," 49,49,000 ",1770,2250," 2,18,080 ",65987," 2,18,100 ",63200,60.91,33.51,ISHB150-3,
ISHB200-1,I,200,200,9,6,200,9,4754,0.037,0.373," 1,10,970 "," 3,60,83,999 "," 96,71,000 ",1220,3000," 3,60,840 ",96710," 3,60,800 ",96700,87.12,45.1,ISHB200-1,
ISHB200-2,I,200,200,9,8,200,9,5094,0.04,0.4," 1,25,989 "," 3,72,18,000 "," 99,46,000 ",1560,3000," 3,72,180 ",99460," 3,72,200 ",98600,85.48,44.19,ISHB200-2,
ISHB225-1,I,225,225,9,7,225,9,5494,0.043,0.431," 1,31,966 "," 5,27,95,000 "," 1,35,38,000 ",1462.5,3412.5," 4,69,289 "," 1,20,338 "," 4,69,300 "," 1,20,300 ",98.03,49.64,ISHB225-1,
ISHB225-2,I,225,225,9,9,225,9,5966,0.047,0.468," 1,56,881 "," 5,47,87,998 "," 1,39,66,000 ",1935,3412.5," 4,87,004 "," 1,24,142 "," 4,87,000 "," 1,23,000 ",95.83,48.38,ISHB225-2,
ISHB250-1,I,250,250,10,7,250,10,6496,0.051,0.51," 1,77,364 "," 7,73,65,000 "," 1,96,13,000 ",1725,4041.67," 6,18,920 "," 1,56,904 "," 6,18,900 "," 1,56,900 ",109.13,54.95,ISHB250-1,
ISHB250-2,I,250,250,10,9,250,10,6971,0.055,0.547," 2,04,495 "," 7,98,38,999 "," 2,01,17,000 ",2200,4041.67," 6,38,712 "," 1,60,936 "," 63,87,000 "," 15,97,000 ",107.02,53.72,ISHB250-2,
ISHB300-1,I,300,250,11,8,250,11,7485,0.059,0.588," 2,39,298 "," 12,54,52,002 "," 2,19,36,001 ",2280,4416.67," 8,36,347 "," 1,75,488 "," 8,36,300 "," 1,75,500 ",129.46,54.14,ISHB300-1,
ISHB300-2,I,300,250,11,9,250,11,8025,0.063,0.63," 2,75,692 "," 12,95,02,002 "," 2,24,67,000 ",2820,4416.67," 8,63,347 "," 1,79,736 "," 8,63,300 "," 1,78,400 ",127.03,52.91,ISHB300-2,
ISHB350-1,I,350,250,12,8,250,12,8591,0.067,0.674," 3,22,436 "," 19,15,96,992 "," 2,45,13,999 ",2905,4833.33," 10,94,840 "," 1,96,112 "," 10,94,800 "," 1,96,100 ",149.34,53.42,ISHB350-1,
ISHB350-2,I,350,250,12,10,250,12,9221,0.072,0.724," 3,72,383 "," 19,80,28,008 "," 2,51,05,000 ",3535,4833.33," 11,31,589 "," 2,00,840 "," 11,31,600 "," 1,99,400 ",146.55,52.18,ISHB350-2,
ISHB400-1,I,400,250,13,9,250,13,9866,0.077,0.774," 4,35,493 "," 28,08,35,000 "," 2,72,83,000 ",3640,5291.67," 14,04,175 "," 2,18,264 "," 14,04,200 "," 2,18,300 ",168.72,52.59,ISHB400-1,
ISHB400-2,I,400,250,13,11,250,13,10466,0.082,0.822," 4,90,115 "," 28,82,35,000 "," 2,78,30,000 ",4240,5291.67," 14,41,175 "," 2,22,640 "," 14,44,200 "," 2,21,300 ",165.95,51.57,ISHB400-2,
ISHB450-1,I,450,250,14,10,250,14,11114,0.087,0.872," 5,61,141 "," 39,21,08,008 "," 2,96,52,000 ",4410,5708.33," 17,42,702 "," 2,37,216 "," 17,42,700 "," 2,38,800 ",187.83,51.65,ISHB450-1,
ISHB450-2,I,450,250,14,11,250,14,11789,0.093,0.925," 6,31,815 "," 40,34,98,984 "," 3,04,50,000 ",5085,5708.33," 17,93,329 "," 2,43,600 "," 17,93,300 "," 2,42,100 ",185,50.82,ISHB450-2,
ISJB150,I,150,50,5,3,50,5,901,0.007,0.071,4512," 32,21,000 ",92000,450,383.33,42947,3680,42900,3700,59.79,10.1,ISJB150,
ISJB175,I,175,50,5,3,50,5,1028,0.008,0.081,5493," 47,93,000 ",97000,560,400,54777,3880,54800,3900,68.28,9.71,ISJB175,
ISJB200,I,200,60,5,3,60,5,1264,0.01,0.099,7489," 78,07,000 "," 1,73,000 ",680,500,78070,5767,78100,5800,78.59,11.7,ISJB200,
ISJB225,I,225,80,5,4,80,5,1628,0.013,0.128,10297," 1,30,85,000 "," 4,05,000 ",832.5,666.67," 1,16,311 ",10125," 1,16,300 ",10100,89.65,15.77,ISJB225,
ISLB100,I,100,50,6,4,50,6,1021,0.008,0.08,10598," 16,80,000 "," 1,27,000 ",400,533.33,33600,5080,33600,5100,40.56,11.15,ISLB100,
ISLB125,I,125,75,7,4,75,7,1512,0.012,0.119,16911," 40,68,000 "," 4,34,000 ",550,812.5,65088,11573,65100,11600,51.87,16.94,ISLB125,
ISLB150,I,150,80,7,5,80,7,1808,0.014,0.142,21798," 68,82,000 "," 5,52,000 ",720,906.67,91760,13800,91800,13800,61.7,17.47,ISLB150,
ISLB175,I,175,90,7,5,90,7,2130,0.017,0.167,26838," 1,09,62,000 "," 7,96,000 ",892.5,1035," 1,25,280 ",17689," 1,25,300 ",17700,71.74,19.33,ISLB175,
ISLB200,I,200,100,7,5,100,7,2527,0.02,0.198,35666," 1,69,66,000 "," 11,54,000 ",1080,1216.67," 1,69,660 ",23080," 1,69,700 ",23100,81.94,21.37,ISLB200,
ISLB225,I,225,100,9,6,100,9,2992,0.023,0.235,55918," 2,50,18,999 "," 11,27,000 ",1305,1433.33," 2,22,391 ",22540," 2,22,400 ",22500,91.44,19.41,ISLB225,
ISLB250,I,250,125,8,6,125,8,3553,0.028,0.279,63622," 3,71,78,000 "," 19,34,000 ",1525,1708.33," 2,97,424 ",30944," 2,97,400 ",30900,102.29,23.33,ISLB250,
ISLB275,I,275,140,9,6,140,9,4202,0.033,0.33,86096," 5,37,52,998 "," 28,70,000 ",1760,2053.33," 3,90,931 ",41000," 3,92,400 ",41000,113.1,26.13,ISLB275,
ISLB300,I,300,150,9,7,150,9,4808,0.038,0.377," 1,11,250 "," 7,33,28,999 "," 37,62,000 ",2010,2350," 4,88,860 ",50160," 4,88,900 ",50200,123.5,27.97,ISLB300,
ISLB325,I,325,165,10,7,165,10,5490,0.043,0.431," 1,38,449 "," 9,87,45,996 "," 51,08,000 ",2275,2695," 6,07,668 ",61915," 6,07,700 ",61900,134.11,30.5,ISLB325,
ISLB350,I,350,165,11,7,165,11,6301,0.049,0.495," 2,07,166 "," 13,15,82,998 "," 63,19,000 ",2590,3135," 7,51,903 ",76594," 7,51,900 ",76600,144.51,31.67,ISLB350,
ISLB400,I,400,165,13,8,165,13,7243,0.057,0.569," 2,78,844 "," 19,30,63,008 "," 71,64,000 ",3200,3437.5," 9,65,315 ",86836," 9,65,300 ",86800,163.26,31.45,ISLB400,
ISLB450,I,450,170,13,9,170,13,8314,0.065,0.653," 3,62,418 "," 27,53,60,996 "," 85,30,000 ",3870,3796.67," 12,23,827 "," 1,00,353 "," 12,23,800 "," 1,00,400 ",181.99,32.03,ISLB450,
ISLB500,I,500,180,14,9,180,14,9550,0.075,0.75," 4,58,848 "," 38,57,90,000 "," 1,06,39,000 ",4600,4230," 15,43,160 "," 1,18,211 "," 15,43,200 "," 1,18,200 ",200.99,33.38,ISLB500,
ISLB550,I,550,190,15,10,190,15,10997,0.086,0.863," 5,95,685 "," 53,16,16,016 "," 1,33,51,000 ",5445,4750," 19,33,149 "," 1,40,537 "," 19,33,200 "," 1,40,500 ",219.87,34.84,ISLB550,
ISLB600,I,600,210,16,11,210,16,12669,0.099,0.995," 7,40,905 "," 72,86,76,016 "," 1,82,19,000 ",6300,5425," 24,28,920 "," 1,73,514 "," 24,28,900 "," 1,73,500 ",239.83,37.92,ISLB600,
ISLB75,I,75,50,5,4,50,5,771,0.006,0.061,5264," 7,27,000 "," 1,00,000 ",277.5,416.67,19387,4000,19400,4000,30.71,11.39,ISLB75,
ISMB100,I,100,75,7,4,75,7,1460,0.011,0.115,20489," 25,75,000 "," 4,08,000 ",400,900,51500,10880,51500,10900,42,16.72,ISMB100,
ISMB125,I,125,75,8,4,75,8,1660,0.013,0.13,25067," 44,90,000 "," 4,37,000 ",550,950,71840,11653,71800,11700,52.01,16.23,ISMB125,
ISMB150,I,150,80,8,5,80,8,1900,0.015,0.149,28381," 72,64,000 "," 5,26,000 ",720,1013.33,96853,13150,96900,13100,61.83,16.64,ISMB150,
ISMB175,I,175,90,9,6,90,9,2462,0.019,0.193,46915," 1,27,20,000 "," 8,50,000 ",962.5,1290," 1,45,371 ",18889," 1,45,400 ",18900,71.88,18.58,ISMB175,
ISMB200,I,200,100,11,6,100,11,3233,0.025,0.254,94994," 2,23,53,999 "," 15,00,000 ",1140,1800," 2,23,540 ",30000," 2,23,500 ",30000,83.15,21.54,ISMB200,
ISMB225,I,225,110,12,7,110,12,3972,0.031,0.312," 1,38,926 "," 3,44,18,000 "," 21,83,000 ",1462.5,2163.33," 3,05,938 ",39691," 3,05,900 ",39700,93.09,23.44,ISMB225,
ISMB250,I,250,125,13,7,125,13,4755,0.037,0.373," 1,87,399 "," 5,13,16,001 "," 33,45,000 ",1725,2604.17," 4,10,528 ",53520," 4,10,500 ",53500,103.88,26.52,ISMB250,
ISMB300,I,300,140,12,8,140,12,5626,0.044,0.442," 2,16,652 "," 8,60,35,996 "," 45,39,000 ",2250,2893.33," 5,73,573 ",64843," 5,73,600 ",64800,123.66,28.4,ISMB300,
ISMB350,I,350,140,14,8,140,14,6671,0.052,0.524," 3,24,211 "," 13,63,02,998 "," 53,77,000 ",2835,3313.33," 7,78,874 ",76814," 7,78,900 ",76800,142.94,28.39,ISMB350,
ISMB400,I,400,140,16,9,140,16,7846,0.062,0.616," 4,68,770 "," 20,45,84,004 "," 62,21,000 ",3560,3733.33," 10,22,920 ",88871,22900,88900,161.48,28.16,ISMB400,
ISMB450,I,450,150,17,9,150,17,9227,0.072,0.724," 6,41,755 "," 30,39,08,008 "," 83,40,000 ",4230,4350," 13,50,702 "," 1,11,200 "," 3,50,700 "," 1,11,200 ",181.49,30.06,ISMB450,
ISMB500,I,500,180,17,10,180,17,11074,0.087,0.869," 7,75,313 "," 45,21,83,008 "," 1,36,98,000 ",5100,5160," 18,08,732 "," 1,52,200 "," 18,08,700 "," 1,52,200 ",202.07,35.17,ISMB500,
ISMB550,I,550,190,19,11,190,19,13211,0.104,1.037," 11,50,107 "," 64,89,36,016 "," 1,83,38,000 ",6160,6111.67," 23,59,767 "," 1,93,032 "," 23,59,800 "," 1,93,000 ",221.63,37.26,ISMB550,
ISMB600,I,600,210,21,12,210,21,15621,0.123,1.226," 15,81,486 "," 91,81,30,000 "," 2,65,10,000 ",7200,7280," 30,60,433 "," 2,52,476 "," 30,60,400 "," 2,52,500 ",242.44,41.2,ISMB600,
ISWB150,I,150,100,7,5,100,7,2167,0.017,0.17,30005," 83,91,000 "," 9,48,000 ",810,1166.67," 1,11,880 ",18960," 1,11,900 ",19000,62.23,20.92,ISWB150,
ISWB175,I,175,125,7,6,125,7,2811,0.022,0.221,44188," 1,50,94,000 "," 18,86,000 ",1015,1541.67," 1,72,503 ",30176," 1,72,500 ",30200,73.28,25.9,ISWB175,
ISWB200,I,200,140,9,6,140,9,3671,0.029,0.288,81810," 2,62,45,000 "," 32,88,000 ",1220,2100," 2,62,450 ",46971," 2,62,500 ",47000,84.55,29.93,ISWB200,
ISWB225,I,225,150,10,6,150,10,4324,0.034,0.339," 1,14,961 "," 3,92,05,000 "," 44,86,000 ",1440,2475," 3,48,489 ",59813," 3,48,500 ",59800,95.22,32.21,ISWB225,
ISWB250,I,250,200,9,7,200,9,5205,0.041,0.409," 1,20,459 "," 5,94,31,001 "," 85,75,000 ",1675,3000," 4,75,448 ",85750," 4,75,400 ",85700,106.86,40.59,ISWB250,
ISWB300,I,300,200,10,7,200,10,6133,0.048,0.481," 1,71,154 "," 9,82,15,996 "," 99,01,000 ",2220,3333.33," 6,54,773 ",99010," 6,54,800 ",99000,126.55,40.18,ISWB300,
ISWB350,I,350,200,11,8,200,11,7250,0.057,0.569," 2,53,381 "," 15,52,17,002 "," 1,17,59,000 ",2800,3800," 8,86,954 "," 1,17,590 "," 8,87,000 "," 1,17,600 ",146.32,40.27,ISWB350,
ISWB400,I,400,200,13,9,200,13,8501,0.067,0.667," 3,72,228 "," 23,42,66,992 "," 1,38,80,000 ",3440,4333.33," 11,71,335 "," 1,38,800 "," 11,71,300 "," 1,38,800 ",166,40.41,ISWB400,
ISWB450,I,450,200,15,9,200,15,10115,0.079,0.794," 5,95,777 "," 35,05,76,016 "," 1,70,67,000 ",4140,5133.33," 15,58,116 "," 1,70,670 "," 15,58,100 "," 1,70,700 ",186.17,41.08,ISWB450,
ISWB500,I,500,250,15,10,250,15,12122,0.095,0.952," 6,81,628 "," 52,29,08,984 "," 2,98,78,000 ",4950,6125," 20,91,636 "," 2,39,024 "," 20,91,600 "," 2,39,000 ",207.69,49.65,ISWB500,
ISWB550,I,550,250,18,11,250,18,14330,0.112,1.125," 11,07,278 "," 74,90,61,016 "," 3,74,06,001 ",5775,7333.33," 27,23,858 "," 2,99,248 "," 27,23,900 "," 2,99,200 ",228.63,51.09,ISWB550,
ISWB600-1,I,600,250,21,11,250,21,17038,0.134,1.337," 18,71,635 "," 1,06,19,85,000 "," 4,70,25,000 ",6720,8875," 35,39,950 "," 3,76,200 "," 35,40,000 "," 3,76,200 ",249.66,52.54,ISWB600-1,
ISWB600-2,I,600,250,24,12,250,24,18486,0.145,1.451," 24,93,465 "," 1,15,62,66,016 "," 5,29,82,998 ",7080,9833.33," 38,54,220 "," 4,23,864 "," 38,54,200 "," 4,23,900 ",250.1,53.54,ISWB600-2,
ISNB100H,Pipe,114,0,0,5,0,0,1850,0.015,0.145," 54,90,000 "," 27,45,000 "," 27,45,000 ",994.92,994.92,48031,48031,48000,48000,38.52,38.52,ISNB100H,
ISNB100L,Pipe,114,0,0,4,0,0,1250,0.01,0.098," 38,40,600 "," 19,20,300 "," 19,20,300 ",656.5,656.5,33601,33601,33600,33600,39.19,39.19,ISNB100L,
ISNB100M,Pipe,114,0,0,5,0,0,1550,0.012,0.122," 46,86,000 "," 23,43,000 "," 23,43,000 ",823.82,823.82,40997,40997,41000,41000,38.88,38.88,ISNB100M,
ISNB110H,Pipe,127,0,0,5,0,0,2060,0.016,0.162," 76,40,000 "," 38,20,000 "," 38,20,000 ",1100.07,1100.07,60157,60157,60200,60200,43.06,43.06,ISNB110H,
ISNB110L,Pipe,127,0,0,5,0,0,1730,0.014,0.136," 65,06,000 "," 32,53,000 "," 32,53,000 ",914.04,914.04,51228,51228,51200,51200,43.36,43.36,ISNB110L,
ISNB110M,Pipe,127,0,0,5,0,0,1840,0.014,0.144," 68,91,600 "," 34,45,800 "," 34,45,800 ",975.63,975.63,54265,54265,54270,54270,43.27,43.27,ISNB110M,
ISNB125H,Pipe,140,0,0,5,0,0,2280,0.018,0.179," 1,02,90,000 "," 51,45,000 "," 51,45,000 ",1210.51,1210.51,73658,73658,73700,73700,47.5,47.5,ISNB125H,
ISNB125L,Pipe,140,0,0,5,0,0,1910,0.015,0.15," 87,44,000 "," 43,72,000 "," 43,72,000 ",1004.22,1004.22,62591,62591,62600,62600,47.84,47.84,ISNB125L,
ISNB125M,Pipe,140,0,0,5,0,0,2030,0.016,0.159," 92,68,800 "," 46,34,400 "," 46,34,400 ",1070.8,1070.8,66348,66348,66350,66350,47.78,47.78,ISNB125M,
ISNB135H,Pipe,152,0,0,5,0,0,2500,0.02,0.196," 1,34,90,000 "," 67,45,000 "," 67,45,000 ",1320.87,1320.87,88517,88517,88500,88500,51.94,51.94,ISNB135H,
ISNB135L,Pipe,152,0,0,5,0,0,2090,0.016,0.164," 1,14,44,000 "," 57,22,000 "," 57,22,000 ",1094.37,1094.37,75092,75092,75100,75100,52.32,52.32,ISNB135L,
ISNB135M,Pipe,152,0,0,5,0,0,2220,0.017,0.174," 1,21,38,400 "," 60,69,200 "," 60,69,200 ",1165.94,1165.94,79648,79648,79650,79650,52.29,52.29,ISNB135M,
ISNB150H,Pipe,165,0,0,5,0,0,2710,0.021,0.213," 1,72,94,000 "," 86,47,000 "," 86,47,000 ",1425.91,1425.91," 1,04,749 "," 1,04,749 "," 1,05,000 "," 1,05,000 ",56.49,56.49,ISNB150H,
ISNB150L,Pipe,165,0,0,5,0,0,2270,0.018,0.178," 1,46,52,000 "," 73,26,000 "," 73,26,000 ",1184.5,1184.5,88746,88746,88700,88700,56.81,56.81,ISNB150L,
ISNB150M,Pipe,165,0,0,5,0,0,2420,0.019,0.19," 1,55,46,400 "," 77,73,200 "," 77,73,200 ",1266.29,1266.29,94164,94164,94160,94160,56.68,56.68,ISNB150M,
ISNB15H,Pipe,21,0,0,3,0,0,182,0.001,0.014,15000,7500,7500,112.87,112.87,704,704,700,700,6.42,6.42,ISNB15H,
ISNB15L,Pipe,21,0,0,2,0,0,121,0.001,0.009,11400,5700,5700,69.59,69.59,535,535,540,540,6.86,6.86,ISNB15L,
ISNB15M,Pipe,21,0,0,3,0,0,153,0.001,0.012,13800,6900,6900,91.44,91.44,648,648,640,640,6.72,6.72,ISNB15M,
ISNB160H1,Pipe,168,0,0,5,0,0,2760,0.022,0.217," 1,83,54,000 "," 91,77,000 "," 91,77,000 ",1450.85,1450.85," 1,09,055 "," 1,09,055 "," 1,09,000 "," 1,09,000 ",57.66,57.66,ISNB160H1,
ISNB160H2,Pipe,168,0,0,6,0,0,3200,0.025,0.251," 2,10,60,000 "," 1,05,30,000 "," 1,05,30,000 ",1695.83,1695.83," 1,25,134 "," 1,25,134 "," 1,25,000 "," 1,25,000 ",57.36,57.36,ISNB160H2,
ISNB160L,Pipe,168,0,0,5,0,0,2310,0.018,0.181," 1,55,44,000 "," 77,72,000 "," 77,72,000 ",1204.41,1204.41,92359,92359,92400,92400,58,58,ISNB160L,
ISNB160M,Pipe,168,0,0,5,0,0,2470,0.019,0.194," 1,64,95,601 "," 82,47,800 "," 82,47,800 ",1291.36,1291.36,98013,98013,98010,98010,57.79,57.79,ISNB160M,
ISNB175H,Pipe,194,0,0,6,0,0,3480,0.027,0.273," 3,07,03,999 "," 1,53,52,000 "," 1,53,52,000 ",1824.8,1824.8," 1,58,513 "," 1,58,513 "," 1,58,650 "," 1,58,650 ",66.42,66.42,ISNB175H,
ISNB175L,Pipe,194,0,0,5,0,0,2850,0.022,0.224," 2,54,34,199 "," 1,27,17,100 "," 1,27,17,100 ",1481.5,1481.5," 1,31,307 "," 1,31,307 "," 1,31,310 "," 1,31,310 ",66.8,66.8,ISNB175L,
ISNB175M,Pipe,194,0,0,5,0,0,3200,0.025,0.251," 2,83,40,000 "," 1,41,70,000 "," 1,41,70,000 ",1671.37,1671.37," 1,46,309 "," 1,46,309 "," 1,46,000 "," 1,46,000 ",66.54,66.54,ISNB175M,
ISNB200H,Pipe,219,0,0,6,0,0,3950,0.031,0.31," 4,49,40,000 "," 2,24,70,000 "," 2,24,70,000 ",2060.09,2060.09," 2,05,112 "," 2,05,112 "," 2,05,000 "," 2,05,000 ",75.42,75.42,ISNB200H,
ISNB200L,Pipe,219,0,0,5,0,0,3230,0.025,0.254," 3,71,30,200 "," 1,85,65,100 "," 1,85,65,100 ",1671.61,1671.61," 1,69,467 "," 1,69,467 "," 1,69,470 "," 1,69,470 ",75.81,75.81,ISNB200L,
ISNB200M,Pipe,219,0,0,6,0,0,3750,0.029,0.294," 4,28,20,000 "," 2,14,10,000 "," 2,14,10,000 ",1951.68,1951.68," 1,95,436 "," 1,95,436 "," 1,95,000 "," 1,95,000 ",75.56,75.56,ISNB200M,
ISNB20H,Pipe,27,0,0,3,0,0,238,0.002,0.019,34000,17000,17000,141.65,141.65,1264,1264,1260,1260,8.45,8.45,ISNB20H,
ISNB20L,Pipe,27,0,0,2,0,0,178,0.001,0.014,27200,13600,13600,101.18,101.18,1011,1011,1010,1010,8.74,8.74,ISNB20L,
ISNB20M,Pipe,27,0,0,3,0,0,198,0.002,0.016,29600,14800,14800,114.31,114.31,1100,1100,1100,1100,8.65,8.65,ISNB20M,
ISNB225H,Pipe,245,0,0,6,0,0,4420,0.035,0.347," 6,29,80,000 "," 3,14,90,000 "," 3,14,90,000 ",2295.33,2295.33," 2,57,587 "," 2,57,587 "," 2,58,000 "," 2,58,000 ",84.41,84.41,ISNB225H,
ISNB250H,Pipe,273,0,0,6,0,0,4950,0.039,0.389," 8,82,40,000 "," 4,41,20,000 "," 4,41,20,000 ",2560.58,2560.58," 3,23,223 "," 3,23,223 "," 3,23,000 "," 3,23,000 ",94.41,94.41,ISNB250H,
ISNB25H,Pipe,34,0,0,4,0,0,373,0.003,0.029,83800,41900,41900,221.92,221.92,2487,2487,2480,2480,10.6,10.6,ISNB25H,
ISNB25L,Pipe,34,0,0,3,0,0,254,0.002,0.02,61800,30900,30900,142.68,142.68,1834,1834,1830,1830,11.03,11.03,ISNB25L,
ISNB25M,Pipe,34,0,0,3,0,0,306,0.002,0.024,72200,36100,36100,176.25,176.25,2142,2142,2140,2140,10.86,10.86,ISNB25M,
ISNB300H,Pipe,324,0,0,6,0,0,6280,0.049,0.493," 15,98,40,000 "," 7,99,20,000 "," 7,99,20,000 ",3237.72,3237.72," 4,93,486 "," 4,93,486 "," 4,93,000 "," 4,93,000 ",112.81,112.81,ISNB300H,
ISNB32H,Pipe,42,0,0,4,0,0,482,0.004,0.038," 1,79,800 ",89900,89900,277.38,277.38,4241,4241,4240,4240,13.66,13.66,ISNB32H,
ISNB32L,Pipe,42,0,0,3,0,0,325,0.003,0.026," 1,29,400 ",64700,64700,178.44,178.44,3052,3052,3050,3050,14.11,14.11,ISNB32L,
ISNB32M,Pipe,42,0,0,3,0,0,394,0.003,0.031," 1,52,400 ",76200,76200,220.79,220.79,3594,3594,3590,3590,13.91,13.91,ISNB32M,
ISNB350H,Pipe,356,0,0,8,0,0,8730,0.069,0.685," 26,22,20,000 "," 13,11,10,000 "," 13,11,10,000 ",4522.12,4522.12," 7,37,402 "," 7,37,402 "," 7,37,000 "," 7,37,000 ",122.55,122.55,ISNB350H,
ISNB40H,Pipe,48,0,0,4,0,0,556,0.004,0.044," 2,75,400 "," 1,37,700 "," 1,37,700 ",314.84,314.84,5702,5702,5700,5700,15.74,15.74,ISNB40H,
ISNB40L,Pipe,48,0,0,3,0,0,413,0.003,0.032," 2,14,000 "," 1,07,000 "," 1,07,000 ",226.34,226.34,4431,4431,4430,4430,16.1,16.1,ISNB40L,
ISNB40M,Pipe,48,0,0,3,0,0,453,0.004,0.036," 2,31,800 "," 1,15,900 "," 1,15,900 ",250.51,250.51,4799,4799,4800,4800,16,16,ISNB40M,
ISNB50H,Pipe,60,0,0,5,0,0,788,0.006,0.062," 6,18,000 "," 3,09,000 "," 3,09,000 ",441.04,441.04,10249,10249,10200,10200,19.8,19.8,ISNB50H,
ISNB50L,Pipe,60,0,0,3,0,0,523,0.004,0.041," 4,31,800 "," 2,15,900 "," 2,15,900 ",281.62,281.62,7161,7161,7160,7160,20.32,20.32,ISNB50L,
ISNB50M,Pipe,60,0,0,4,0,0,641,0.005,0.05," 5,17,600 "," 2,58,800 "," 2,58,800 ",351.11,351.11,8584,8584,8580,8580,20.09,20.09,ISNB50M,
ISNB65H,Pipe,76,0,0,5,0,0,1010,0.008,0.079," 13,02,400 "," 6,51,200 "," 6,51,200 ",552.78,552.78,17114,17114,17100,17100,25.39,25.39,ISNB65H,
ISNB65L,Pipe,76,0,0,3,0,0,732,0.006,0.057," 9,75,800 "," 4,87,900 "," 4,87,900 ",390.62,390.62,12823,12823,12820,12820,25.82,25.82,ISNB65L,
ISNB65M,Pipe,76,0,0,4,0,0,820,0.006,0.064," 10,80,400 "," 5,40,200 "," 5,40,200 ",441.03,441.03,14197,14197,14200,14200,25.67,25.67,ISNB65M,
ISNB80H,Pipe,89,0,0,5,0,0,1270,0.01,0.1," 22,50,400 "," 11,25,200 "," 11,25,200 ",689.86,689.86,25314,25314,25310,25310,29.77,29.77,ISNB80H,
ISNB80L,Pipe,89,0,0,3,0,0,861,0.007,0.068," 15,84,600 "," 7,92,300 "," 7,92,300 ",455.29,455.29,17825,17825,17820,17820,30.33,30.33,ISNB80L,
ISNB80M,Pipe,89,0,0,4,0,0,1070,0.008,0.084," 19,27,200 "," 9,63,600 "," 9,63,600 ",573.52,573.52,21678,21678,21680,21680,30.01,30.01,ISNB80M,
ISNB90H,Pipe,102,0,0,5,0,0,1460,0.011,0.115," 34,28,800 "," 17,14,400 "," 17,14,400 ",785.18,785.18,33748,33748,33750,33750,34.27,34.27,ISNB90H,
ISNB90L,Pipe,102,0,0,4,0,0,1110,0.009,0.087," 26,65,400 "," 13,32,700 "," 13,32,700 ",586.46,586.46,26234,26234,26230,26230,34.65,34.65,ISNB90L,
ISNB90M,Pipe,102,0,0,4,0,0,1230,0.01,0.097," 29,26,400 "," 14,63,200 "," 14,63,200 ",653.74,653.74,28803,28803,28800,28800,34.49,34.49,ISNB90M,
ISHT100,Tee,100,200,9,8,0,0,2547,0.02,0.2,62995," 19,38,000 "," 49,73,000 ",780,1500,23956,49730,24000,49300,27.58,44.19,ISHT100,
ISHT125,Tee,125,250,10,9,0,0,3485,0.027,0.274," 1,02,247 "," 41,54,000 "," 1,00,58,000 ",1100,2020.83,41007,80464,41000,79900,34.52,53.72,ISHT125,
ISHT150,Tee,150,250,11,8,0,0,3742,0.029,0.294," 1,19,649 "," 57,37,000 "," 1,09,68,000 ",1140,2208.33,46491,87744,46500,87700,39.16,54.14,ISHT150,
ISHT75,Tee,75,150,9,8,0,0,1949,0.015,0.153,49489," 9,62,000 "," 23,02,000 ",630,1125,16361,30693,16400,30100,22.22,34.37,ISHT75,
ISJT100,Tee,100,60,5,3,0,0,632,0.005,0.05,3745," 6,35,000 ",86000,340,250,8832,2867,8800,2900,31.7,11.67,ISJT100,
ISJT112.5,Tee,113,80,5,4,0,0,814,0.006,0.064,5148," 10,16,000 "," 2,02,000 ",416.25,333.33,12330,5050,12300,5100,35.33,15.75,ISJT112.5,
ISJT57.5,Tee,88,50,5,3,0,0,514,0.004,0.04,2747," 3,90,000 ",48000,280,200,6240,1920,6200,1900,27.55,9.66,ISJT57.5,
ISJT75,Tee,75,50,5,3,0,0,450,0.004,0.035,2256," 2,48,000 ",46000,225,191.67,4509,1840,4500,1800,23.48,10.11,ISJT75,
ISLT100,Tee,100,100,11,6,0,0,1616,0.013,0.127,47497," 11,66,000 "," 7,50,000 ",570,900,14816,15000,14800,16000,26.86,21.54,ISLT100,
ISLT50,Tee,50,50,6,4,0,0,511,0.004,0.04,5299,99000,64000,200,266.67,2598,2560,2600,2500,13.92,11.19,ISLT50,
ISLT75,Tee,75,80,7,5,0,0,904,0.007,0.071,10899," 4,19,000 "," 2,76,000 ",360,453.33,7249,6900,7200,6900,21.53,17.47,ISLT75,
ISNT100,Tee,100,100,10,10,0,0,1910,0.015,0.15,63333," 17,38,000 "," 7,99,000 ",1000,833.33,24105,15980,24100,16000,30.17,20.45,ISNT100,
ISNT150,Tee,150,150,10,10,0,0,2908,0.023,0.228,96667," 60,38,000 "," 26,75,000 ",1500,1250,54643,35667,54600,35700,45.57,30.33,ISNT150,
ISNT20,Tee,20,20,3,3,0,0,113,0.001,0.009,333,4000,2000,60,50,286,200,300,200,5.95,4.21,ISNT20,
ISNT30,Tee,30,30,3,3,0,0,175,0.001,0.014,513,14000,6000,90,75,645,400,600,400,8.94,5.86,ISNT30,
ISNT40,Tee,40,40,6,6,0,0,448,0.004,0.035,5328,63000,30000,240,200,2250,1500,2200,1500,11.86,8.18,ISNT40,
ISNT50,Tee,50,50,6,6,0,0,570,0.004,0.045,6768," 1,27,000 ",59000,300,250,3567,2360,3600,2400,14.93,10.17,ISNT50,
ISNT60,Tee,60,60,6,6,0,0,690,0.005,0.054,8208," 2,25,000 "," 1,01,000 ",360,300,5196,3367,5200,3400,18.06,12.1,ISNT60,
ISNT80,Tee,80,80,8,8,0,0,1225,0.01,0.096,25941," 7,12,000 "," 3,23,000 ",640,533.33,12340,8075,12300,8100,24.11,16.24,ISNT80,
ISST100,Tee,100,50,10,6,0,0,1037,0.008,0.081,22520," 9,90,000 ",96000,580,416.67,14204,3840,14200,3800,30.9,9.62,ISST100,
ISST150,Tee,150,75,12,8,0,0,1996,0.016,0.157,62643," 45,02,000 "," 3,70,000 ",1200,725,43922,9867,43900,9900,47.49,13.62,ISST150,
ISST200,Tee,200,165,13,8,0,0,3622,0.028,0.284," 1,39,422 "," 1,26,78,000 "," 35,82,000 ",1600,1718.75,83298,43418,83300,43400,59.16,31.45,ISST200,
ISST250,Tee,250,180,14,9,0,0,4775,0.037,0.375," 2,29,424 "," 2,77,43,999 "," 53,20,000 ",2300,2115," 1,49,161 ",59111," 1,49,200 ",59100,76.23,33.38,ISST250,