0.000000 0.000000 0.000000
7.000000 0.000000 0.000000
10.000000 0.000000 0.000000
0.000000 4.000000 0.000000
7.000000 4.000000 0.000000
10.000000 4.000000 0.000000
0.000000 8.000000 0.000000
7.000000 8.000000 0.000000
10.000000 8.000000 0.000000
0.000000 0.000000 1.500000
7.000000 0.000000 1.500000
10.000000 0.000000 1.500000
0.000000 4.000000 1.500000
7.000000 4.000000 1.500000
10.000000 4.000000 1.500000
0.000000 8.000000 1.500000
7.000000 8.000000 1.500000
10.000000 8.000000 1.500000
0.000000 0.000000 4.500000
7.000000 0.000000 4.500000
10.000000 0.000000 4.500000
0.000000 4.000000 4.500000
7.000000 4.000000 4.500000
10.000000 4.000000 4.500000
0.000000 8.000000 4.500000
7.000000 8.000000 4.500000
10.000000 8.000000 4.500000


7.000000 4.000000 0.000000
0.000000 0.000000 0.000000
0.000000 4.000000 0.000000
10.000000 8.000000 0.000000
10.000000 0.000000 0.000000
10.000000 4.000000 0.000000
0.000000 8.000000 0.000000
7.000000 8.000000 0.000000
7.000000 0.000000 0.000000


0.000000 4.000000 1.500000 7.000000 4.000000 1.500000 2
0.000000 0.000000 4.500000 0.000000 4.000000 4.500000 3
7.000000 0.000000 4.500000 7.000000 4.000000 4.500000 3
0.000000 4.000000 4.500000 7.000000 4.000000 4.500000 2
7.000000 0.000000 1.500000 10.000000 0.000000 1.500000 2
7.000000 0.000000 1.500000 7.000000 4.000000 1.500000 3
0.000000 4.000000 1.500000 0.000000 8.000000 1.500000 3
7.000000 4.000000 1.500000 7.000000 4.000000 4.500000 1
7.000000 8.000000 4.500000 10.000000 8.000000 4.500000 2
0.000000 0.000000 0.000000 0.000000 0.000000 1.500000 1
10.000000 8.000000 0.000000 10.000000 8.000000 1.500000 1
7.000000 0.000000 1.500000 7.000000 0.000000 4.500000 1
0.000000 4.000000 1.500000 0.000000 4.000000 4.500000 1
0.000000 8.000000 1.500000 0.000000 8.000000 4.500000 1
7.000000 4.000000 4.500000 10.000000 4.000000 4.500000 2
7.000000 4.000000 4.500000 7.000000 8.000000 4.500000 3
10.000000 4.000000 0.000000 10.000000 4.000000 1.500000 1
0.000000 0.000000 1.500000 0.000000 4.000000 1.500000 3
0.000000 0.000000 1.500000 0.000000 0.000000 4.500000 1
10.000000 0.000000 1.500000 10.000000 0.000000 4.500000 1
7.000000 4.000000 1.500000 10.000000 4.000000 1.500000 2
10.000000 4.000000 1.500000 10.000000 8.000000 1.500000 3
0.000000 8.000000 4.500000 7.000000 8.000000 4.500000 2
10.000000 0.000000 0.000000 10.000000 0.000000 1.500000 1
7.000000 4.000000 0.000000 7.000000 4.000000 1.500000 1
7.000000 4.000000 1.500000 7.000000 8.000000 1.500000 3
7.000000 8.000000 1.500000 7.000000 8.000000 4.500000 1
7.000000 8.000000 1.500000 10.000000 8.000000 1.500000 2
10.000000 0.000000 4.500000 10.000000 4.000000 4.500000 3
0.000000 4.000000 4.500000 0.000000 8.000000 4.500000 3
10.000000 4.000000 4.500000 10.000000 8.000000 4.500000 3
7.000000 0.000000 0.000000 7.000000 0.000000 1.500000 1
0.000000 4.000000 0.000000 0.000000 4.000000 1.500000 1
0.000000 8.000000 1.500000 7.000000 8.000000 1.500000 2
7.000000 0.000000 4.500000 10.000000 0.000000 4.500000 2
7.000000 8.000000 0.000000 7.000000 8.000000 1.500000 1
10.000000 0.000000 1.500000 10.000000 4.000000 1.500000 3
0.000000 8.000000 0.000000 0.000000 8.000000 1.500000 1
10.000000 8.000000 1.500000 10.000000 8.000000 4.500000 1
0.000000 0.000000 4.500000 7.000000 0.000000 4.500000 2
0.000000 0.000000 1.500000 7.000000 0.000000 1.500000 2
10.000000 4.000000 1.500000 10.000000 4.000000 4.500000 1


0.000000 0.000000 1.500000
7.000000 0.000000 1.500000
7.000000 4.000000 1.500000
0.000000 4.000000 1.500000
0.000000 0.000000 1.500000

7.000000 0.000000 1.500000
10.000000 0.000000 1.500000
10.000000 4.000000 1.500000
7.000000 4.000000 1.500000
7.000000 0.000000 1.500000

0.000000 4.000000 1.500000
7.000000 4.000000 1.500000
7.000000 8.000000 1.500000
0.000000 8.000000 1.500000
0.000000 4.000000 1.500000

7.000000 4.000000 1.500000
10.000000 4.000000 1.500000
10.000000 8.000000 1.500000
7.000000 8.000000 1.500000
7.000000 4.000000 1.500000

0.000000 0.000000 4.500000
7.000000 0.000000 4.500000
7.000000 4.000000 4.500000
0.000000 4.000000 4.500000
0.000000 0.000000 4.500000

7.000000 0.000000 4.500000
10.000000 0.000000 4.500000
10.000000 4.000000 4.500000
7.000000 4.000000 4.500000
7.000000 0.000000 4.500000

0.000000 4.000000 4.500000
7.000000 4.000000 4.500000
7.000000 8.000000 4.500000
0.000000 8.000000 4.500000
0.000000 4.000000 4.500000

7.000000 4.000000 4.500000
10.000000 4.000000 4.500000
10.000000 8.000000 4.500000
7.000000 8.000000 4.500000
7.000000 4.000000 4.500000



0.000000 0.000000 0.000000 N(1)
7.000000 0.000000 0.000000 N(2)
10.000000 0.000000 0.000000 N(3)
0.000000 4.000000 0.000000 N(4)
7.000000 4.000000 0.000000 N(5)
10.000000 4.000000 0.000000 N(6)
0.000000 8.000000 0.000000 N(7)
7.000000 8.000000 0.000000 N(8)
10.000000 8.000000 0.000000 N(9)
0.000000 0.000000 1.500000 N(10)
7.000000 0.000000 1.500000 N(11)
10.000000 0.000000 1.500000 N(12)
0.000000 4.000000 1.500000 N(13)
7.000000 4.000000 1.500000 N(14)
10.000000 4.000000 1.500000 N(15)
0.000000 8.000000 1.500000 N(16)
7.000000 8.000000 1.500000 N(17)
10.000000 8.000000 1.500000 N(18)
0.000000 0.000000 4.500000 N(19)
7.000000 0.000000 4.500000 N(20)
10.000000 0.000000 4.500000 N(21)
0.000000 4.000000 4.500000 N(22)
7.000000 4.000000 4.500000 N(23)
10.000000 4.000000 4.500000 N(24)
0.000000 8.000000 4.500000 N(25)
7.000000 8.000000 4.500000 N(26)
10.000000 8.000000 4.500000 N(27)
3.500000 1.500000 4.000000 13-14
0.000000 4.500000 2.000000 19-22
7.000000 4.500000 2.000000 20-23
3.500000 4.500000 4.000000 22-23
8.500000 1.500000 0.000000 11-12
7.000000 1.500000 2.000000 11-14
0.000000 1.500000 6.000000 13-16
7.000000 3.000000 4.000000 14-23
8.500000 4.500000 8.000000 26-27
0.000000 0.750000 0.000000 1-10
10.000000 0.750000 8.000000 9-18
7.000000 3.000000 0.000000 11-20
0.000000 3.000000 4.000000 13-22
0.000000 3.000000 8.000000 16-25
8.500000 4.500000 4.000000 23-24
7.000000 4.500000 6.000000 23-26
10.000000 0.750000 4.000000 6-15
0.000000 1.500000 2.000000 10-13
0.000000 3.000000 0.000000 10-19
10.000000 3.000000 0.000000 12-21
8.500000 1.500000 4.000000 14-15
10.000000 1.500000 6.000000 15-18
3.500000 4.500000 8.000000 25-26
10.000000 0.750000 0.000000 3-12
7.000000 0.750000 4.000000 5-14
7.000000 1.500000 6.000000 14-17
7.000000 3.000000 8.000000 17-26
8.500000 1.500000 8.000000 17-18
10.000000 4.500000 2.000000 21-24
0.000000 4.500000 6.000000 22-25
10.000000 4.500000 6.000000 24-27
7.000000 0.750000 0.000000 2-11
0.000000 0.750000 4.000000 4-13
3.500000 1.500000 8.000000 16-17
8.500000 4.500000 0.000000 20-21
7.000000 0.750000 8.000000 8-17
10.000000 1.500000 2.000000 12-15
0.000000 0.750000 8.000000 7-16
10.000000 3.000000 8.000000 18-27
3.500000 4.500000 0.000000 19-20
3.500000 1.500000 0.000000 10-11
10.000000 3.000000 4.000000 15-24
